13 0.196875 0.15 0.0484375 0.040625
15 0.3328125 0.20390625 0.046875 0.096875
15 0.71484375 0.20625 0.0375 0.0671875
15 0.4375 0.259375 0.0421875 0.096875
15 0.5703125 0.2953125 0.0421875 0.053125
15 0.87890625 0.3515625 0.0484375 0.08125
17 0.175 0.37421875 0.109375 0.3515625
17 0.3125 0.39140625 0.096875 0.2546875
17 0.703125 0.3921875 0.096875 0.2296875
17 0.43125 0.39921875 0.0859375 0.2
17 0.55390625 0.46875 0.1 0.221875
14 0.2625 0.50234375 0.0203125 0.0421875
14 0.646875 0.52109375 0.0234375 0.0671875
14 0.7390625 0.534375 0.0234375 0.078125
17 0.86484375 0.546875 0.0921875 0.2671875
14 0.8140625 0.67890625 0.021875 0.034375
15 0.18828125 0.0984375 0.065625 0.0671875