15 0.46015625 0.328125 0.065625 0.075
13 0.45625 0.36328125 0.0578125 0.0609375
15 0.690625 0.3796875 0.0328125 0.046875
15 0.3140625 0.4265625 0.0390625 0.075
15 0.91953125 0.4296875 0.059375 0.0640625
15 0.41875 0.44296875 0.025 0.0515625
15 0.559375 0.4515625 0.034375 0.03125
17 0.690625 0.5234375 0.071875 0.1859375
17 0.5625 0.57265625 0.0625 0.159375
17 0.3171875 0.58046875 0.0828125 0.2296875
17 0.9171875 0.6625 0.1171875 0.2984375
17 0.446875 0.6640625 0.1484375 0.415625
14 0.26953125 0.67421875 0.0203125 0.04375
14 0.9765625 0.790625 0.0140625 0.0359375
14 0.8625 0.80078125 0.021875 0.0375