15 0.1703125 0.14921875 0.0625 0.090625
15 0.4765625 0.228125 0.0484375 0.0875
15 0.3171875 0.25078125 0.046875 0.071875
15 0.534375 0.26015625 0.0375 0.0625
15 0.3984375 0.26640625 0.0328125 0.0515625
15 0.6078125 0.29375 0.040625 0.090625
17 0.159375 0.378125 0.103125 0.2890625
15 0.7828125 0.39375 0.059375 0.0625
17 0.5421875 0.39921875 0.0484375 0.1875
17 0.396875 0.403125 0.0625 0.1921875
17 0.4734375 0.4125 0.09375 0.253125
13 0.765625 0.41328125 0.025 0.0390625
17 0.5984375 0.4328125 0.08125 0.234375
17 0.315625 0.453125 0.09375 0.2640625
14 0.21953125 0.5203125 0.0171875 0.071875
14 0.4203125 0.5203125 0.01875 0.0453125
14 0.11484375 0.54296875 0.028125 0.08125
14 0.2625 0.57421875 0.01875 0.0375
14 0.36015625 0.578125 0.0265625 0.034375
17 0.76953125 0.5828125 0.1078125 0.26875
14 0.80234375 0.7171875 0.0203125 0.04375