15 0.60625 0.16484375 0.0453125 0.0671875
15 0.24296875 0.18125 0.04375 0.084375
15 0.35625 0.22109375 0.0375 0.08125
15 0.471875 0.25 0.0375 0.053125
15 0.7609375 0.303125 0.046875 0.0875
17 0.0796875 0.33359375 0.1140625 0.30625
17 0.2359375 0.346875 0.0890625 0.2390625
17 0.3546875 0.3578125 0.0828125 0.190625
17 0.60234375 0.359375 0.1046875 0.240625
17 0.4671875 0.428125 0.09375 0.2125
14 0.1828125 0.4453125 0.0234375 0.053125
14 0.54765625 0.48359375 0.01875 0.075
14 0.63203125 0.5015625 0.0234375 0.0828125
17 0.74296875 0.50234375 0.1140625 0.2828125
15 0.0796875 0.08984375 0.059375 0.0578125
13 0.0828125 0.1375 0.0390625 0.034375